32203 674
707 6890
26961 3889
15993 16090
59 27901
27317 24962
14699 6193
13839 9427
23198 24931
2390 32429
6306 2443
5702 12333
19856 4227
5231 4584
9881 6963
3563 3128
14317 24642
1367 27087
15287 7540
327 739
4781 8220
9026 13093
2444 695
13143 30604
6959 5004
4985 16542
21603 20711
22412 9213
2695 2124
31994 25531
11093 13276
6313 13434
23 498
566 799
26873 1686
10547 28658
9313 3558
7759 11658
13524 19315
24532 16617
363 1312
16917 28003
423 43
10477 13051
6166 2349
27661 22061
882 6631
32182 29251
28187 30852
7 3522
17817 31555
1406 7697
41 3
13473 9277
15012 22561
15542 13209
11293 26907
11155 25029
9287 6338
12894 397
5120 5957
617 3119
2420 13207
396 155
17527 25654
10943 23496
6391 5624
10362 11641
1089 1189
30085 20413
27323 6201
25097 25774
6128 6363
19033 20108
2087 3344
13312 26121
4195 21603
29164 1189
21167 15719
359 1741
6796 1791
487 1364
29371 18365
5663 6135
1453 126
2090 8457
1475 27074
449 1019
13064 5799
31953 14464
30975 17999
3434 1453
958 10983
13192 59
33 1
14815 15903
3661 6318
10264 8011
6563 7526
3326 31257
11017 12384
989 10100
20577 7877
23535 12898
3097 7214
689 15412
13942 30809
7455 5482
3956 29405
4733 9992
10507 2167
19613 984
26239 4084
8204 2127
1030 10289
289 933
7266 2461
27703 20807
4927 32073
12932 11669
21461 28427
2675 15118
379 7107
13397 9945
9017 14476
9873 2690
6547 26294
24715 14913
22189 18223
7429 31582
10834 2535
9947 653
264 259
15301 4006
6917 16214
11461 3142
499 137
957 52
31784 19167
1514 8011
3743 18952
10223 26054
19915 30859
14737 13730
15156 22433
27547 25045
12144 4867
15729 31112
4534 3547
24491 8511
14427 4852
6234 3071
28333 17041
6074 8111
5777 9337
4772 20679
517 1580
24391 16680
360 11893
16279 24130
31547 11218
27703 14974
6781 6021
24299 32220
1577 9811
4264 9453
16359 6700
29643 5273
479 995
24767 16187
10859 6673
4099 27535
12069 30244
28307 21744
19215 25724
32389 12394
5625 8387
25407 22559
1340 449
32232 17897
8958 6739
11804 8513
2644 27397
697 6424
28631 31777
10213 23715
22647 4157
15063 2612
8141 16481
2725 1787
3554 5461
9795 15458
1798 1103
31005 24961
1359 26726
25422 5881
7173 17710
6007 4923
3721 497
4161 11675
29231 7424
1940 18609
31999 19091
28170 15359
10530 10681
30371 213
3873 1283
1373 4921
25573 29737
14903 20844
9694 6085
31751 19026
13170 27773
21193 24463
24171 1468
10698 7825
20627 12281
32308 10283
137 37
85 76
31922 11487
23095 6274
9582 13769
1528 1659
27006 4259
5879 30376
3516 15227
22777 19772
1898 23659
7357 3331
11623 16297
2138 7779
8548 6279
28205 29658
29348 18497
3369 31271
6463 32305
27487 26549
8002 19039
1146 851
6347 1494
6385 7423
29839 19600
12046 8449
13333 24706
1145 5428
18913 9047
1989 410
18977 12891
7655 30854
13073 32169
25317 2324
26129 11503
653 1644
14075 16753
639 4096
1459 6481
22789 16433
5632 14349
5579 5818
6554 30793
8414 6527
8324 2767
831 11606
25499 26324
4761 7421
7536 3965
2640 6179
25939 21153
14343 18385
5520 8603
30179 3391
24223 32405
4900 9743
12726 24313
20029 9272
23585 22344
4854 1027
8693 17432
7652 9393
10977 3011
19007 1012
29544 22723
4203 8450
23851 15568
32344 30793
28425 15493
12357 5375
11813 9708
2372 8751
1453 2862
6804 7453
6389 6466
11797 22751
17119 4410
24261 29500
831 3497
18348 18503
31393 10373
6892 2599
22465 27907
2012 8039
30893 17559
29528 8837
18911 16289
15257 3558
27283 10047
20693 28214
23769 15632
11101 12126
15860 5151
27999 32386
11445 13243
553 5522
15970 8421
6869 7248
4511 3169
21499 24309
2071 9306
32311 10011
13956 19577
22207 18799
6922 20137
2604 9587
1771 1501
30509 11628
18872 13099
2429 9595
12241 1100
8329 12037
6099 7817
14744 28009
20938 10645
17949 11449
456 949
14983 15877
30049 6375
2097 2272
13875 7889
28181 22843
10106 15897
3144 3133
11512 20489
30983 13936
9245 3484
1865 8622
11367 8447
8779 8123
116 123
3214 7039
6127 9037
7153 7782
96 413
15477 10961
1288 645
970 487
4787 4373
11409 15410
677 270
9700 5033
28439 11527
463 7072
311 12542
13004 9335
29869 9369
7690 28167
337 21796
10819 3086
2662 3749
1215 22493
1752 3133
7485 32647
27973 18083
29042 12349
19047 31673
3839 6583
24977 8767
1507 1258
101 98
7333 5609
12458 13037
5346 9653
329 1903
569 6618
3877 385
3145 12089
32365 28217
3475 4647
32575 19213
863 732
442 181
4924 8199
1400 999
5241 1358
25883 28910
2936 8885
4309 7463
260 71
7289 9835
569 1233
29229 25885
19441 18046
16368 30143
1839 5065
8059 751
14281 3982
1516 1593
7810 10217
29179 23823
15748 16055
13184 8943
865 27321
7127 3967
10797 6430
14279 4341
9664 5079
665 431
8543 7889
27808 1533
31721 13580
22050 30161
5279 27287
1757 8270
1031 995
24123 30647
9071 3139
28774 9131
13537 11549
31234 1781
2026 17811
25391 32262
11311 22676
22007 8334
22838 993
13843 1021
10019 4987
28507 24379
13084 4331
12208 4069
14447 8908
12983 8169
5973 7676
1397 22059
879 1840
5418 15131
13185 26807
20995 19144
5167 26569
648 1205
5029 9104
10793 22719
2759 2865
31567 11958
25768 11857
15117 4897
7613 23632
152 16941
18133 7831
12331 2235
13141 1316
6077 6579
6190 3113
6835 3127
5990 14741
3969 668
24529 30280
2857 9385
32423 7320
20006 1993
24235 17042
16745 22698
23879 8003
7429 32523
2531 16271
9787 2780
16579 22430
3594 5695
26081 15916
8166 14939
28093 17986
13285 22487
28193 2769
9289 7869
23163 26336
7 16893
14989 8566
5917 8812
14693 4283
8487 11020
4168 15405
1835 2434
5003 10025
29120 30229
1343 1026
6167 5567
29468 6679
7588 1495
21247 17394
19381 4616
3832 6977
9310 8947
30134 29381
25809 5743
4096 3029
27173 20151
9865 1969
6259 10859
26088 1075
527 2806
3214 14267
32375 228
10092 21851
1396 1401
1746 22645
2110 20537
25072 24773
13705 15333
29070 12871
5579 5039
8958 27733
920 1411
30543 15376
9003 32563
12642 1793
5030 4367
8258 385
12581 19800
11923 11351
17888 6969
26113 21280
22925 31322
25442 20211
15737 11945
14783 6114
7895 22874
30793 16136
1238 2251
31253 7195
4300 4707
430 579
6695 13123
12998 13223
21239 28322
20603 26451
7381 16545
6267 2398
8613 4793
813 32338
5770 13399
9452 3843
28794 14417
31175 4447
68 3841
11859 16378
1243 2039
7627 1161
26087 21499
5353 7462
2108 763
15493 12619
13874 5391
129 790
19741 23178
17979 43
28802 17787
1643 6127
202 4167
12977 9425
20957 20651
5433 571
2839 3984
1708 1479
1293 26815
9163 20525
17061 5077
7189 1845
24864 19211
32719 32742
684 5801
21875 31173
14315 21656
6131 4853
2071 5412
928 3139
6721 13137
26843 6743
6040 31781
17727 8858
18881 6935
687 10703
2513 27599
16834 28437
12487 18718
30851 3844
29602 19159
32189 9322
5097 3821
20545 18722
27582 12191
9867 26890
7924 27507
18421 1637
16735 5886
789 3775
18989 18572
27356 27535
12993 16574
14045 3696
4546 1529
18076 9779
1469 2620
12289 19808
26443 19428
11708 9533
17359 1100
5621 96
9517 10707
2599 8552
10948 1657
1465 524
24694 677
2717 5025
17437 7850
14330 17427
24286 15271
710 1681
23133 9089
59 4400
915 22306
13023 257
26911 890
31493 24450
13277 18371
21979 6183
14045 6277
235 1599
10951 3819
21306 9227
4643 359
16489 9462
2034 43
3151 9714
884 28173
5388 6577
3190 23249
15575 15773
10327 26417
41 566
7333 9299
13688 27499
10142 19021
1846 667
2886 26341
22761 31784
10075 13517
6395 1691
10679 12521
6315 11771
20111 31945
989 14207
1563 27256
20214 173
21022 23929
25103 12105
2521 31198
2995 14334
9436 5059
279 3389
10267 14363
26659 22499
26948 12975
16249 30955
7248 13667
18707 30520
3487 173
3451 4870
14507 19871
12029 22051
15133 2139
18894 28895
8785 1653
666 671
2843 15476
20431 19579
27503 25621
475 386
5999 7792
10730 20621
833 642
9278 28787
23927 12013
2229 2515
12365 32718
18219 4964
7678 16111
6889 6816
7693 7339
4052 1061
1027 26473
26597 11099
19 2
29913 9559
14891 22583
14890 11007
5921 5463
27453 28271
29844 6247
6621 24476
7829 6215
10472 9271
12642 18443
22344 18133
7057 426
30501 24908
15677 11177
9561 18016
25139 22135
5413 28319
10708 18619
17442 11401
302 287
5437 13818
21590 21039
15191 175
29545 17254
9422 9267
31735 25832
9428 9157
7687 28782
205 928
26737 5180
1812 16595
15859 25582
1179 27301
2080 4509
16314 3443
18139 1372
21083 14282
12389 24911
2689 1927
1580 2921
687 5047
25 4512
19827 29626
15026 14035
5123 31146
562 305
1365 2332
615 3302
20133 5939
17624 32107
6217 2220
2472 1475
2359 4980
16490 16079
5859 28115
176 8575
4490 28147
915 1928
8071 1661
3769 7523
29279 31343
28517 17021
26363 17698
2130 2651
25258 17935
16772 3495
2681 4311
12186 5327
2263 3268
16397 22453
24259 20595
21511 14289
6035 4834
23909 25594
1479 11495
10519 2786
86 55
8507 12573
2940 15559
22665 19406
2569 3713
17707 2864
10067 19262
14041 6934
32239 28928
28405 3339
21142 11133
3757 3602
6707 4683
4937 18413
26841 22654
9598 28963
4477 1161
15120 11573
20187 25225
5555 11782
1681 1397
629 32271
26748 27767
17903 15289
31861 6633
4299 13273
4931 15417
18661 13476
722 20471
15781 16569
12505 6994
30347 29538
15109 10815
20491 31254
16780 1881
7732 6081
4266 32333
12300 25163
3789 12920
6539 15462
29095 1802
27958 5413
26034 21487
16222 3867
7897 943
21792 1127
1782 1327
7061 16363
6010 11527
3312 547
8953 419
30059 19724
30379 30773
2197 10220
27181 19848
17485 24558
9711 32557
20447 28153
13003 22503
23309 21144
8110 14649
22114 15613
236 219
1475 9031
3364 177
8519 12288
7421 478
30793 10474
4069 10353
19131 13051
4042 71
3274 1009
4461 1862
2157 28508
955 8372
4609 21843
6843 20573
8458 1091
2568 6109
3022 853
2447 3656
1301 938
4994 20891
2937 6164
399 9656
14627 23423
13247 10233
8495 10452
24927 20372
27273 15959
5275 7612
3552 12023
2407 31973
7390 30983
28160 31143
5647 8583
402 487
13161 3127
15996 16019
2120 333
7265 3156
847 3504
10048 3747
25573 5880
27990 22889
19931 29680
12066 3625
13425 22513
18713 18071
28519 5258
15886 12211
19129 24471
6439 19948
2335 2363
3215 2856
8905 27724
2782 11719
544 389
5233 3593
27887 12195
16898 20831
1198 2491
20467 18424
23613 25316
6971 2365
9004 10891
1116 6905
215 1858
32405 5053
17329 22267
8024 15491
19313 20427
16894 30097
25731 16922
2525 12624
6260 3777
7115 8766
917 5046
5110 5233
7449 7024
9524 29853
3222 2605
23720 19111
13895 6396
27859 30555
3044 8179
3851 24587
13039 9478
2147 10707
28299 24772
7043 20984
27059 25508
6938 2765
10145 17098
15380 20699
11716 11709
1439 160
32203 674
707 6890
26961 3889
15993 16090
59 27901
27317 24962
14699 6193
13839 9427
23198 24931
2390 32429
6306 2443
5702 12333
19856 4227
5231 4584
9881 6963
3563 3128
14317 24642
1367 27087
15287 7540
327 739
4781 8220
9026 13093
2444 695
13143 30604
6959 5004
4985 16542
21603 20711
22412 9213
2695 2124
31994 25531
11093 13276
6313 13434
23 498
566 799
26873 1686
10547 28658
9313 3558
7759 11658
13524 19315
24532 16617
363 1312
16917 28003
423 43
10477 13051
6166 2349
27661 22061
882 6631
32182 29251
28187 30852
7 3522
17817 31555
1406 7697
41 3
13473 9277
15012 22561
15542 13209
11293 26907
11155 25029
9287 6338
12894 397
5120 5957
617 3119
2420 13207
396 155
17527 25654
10943 23496
6391 5624
10362 11641
1089 1189
30085 20413
27323 6201
25097 25774
6128 6363
19033 20108
2087 3344
13312 26121
4195 21603
29164 1189
21167 15719
359 1741
6796 1791
487 1364
29371 18365
5663 6135
1453 126
2090 8457
1475 27074
449 1019
13064 5799
31953 14464
30975 17999
3434 1453
958 10983
13192 59
33 1
14815 15903
3661 6318
10264 8011
6563 7526
3326 31257
11017 12384
989 10100
20577 7877
23535 12898
3097 7214
689 15412
13942 30809
7455 5482
3956 29405
4733 9992
10507 2167
19613 984
26239 4084
8204 2127
1030 10289
289 933
7266 2461
27703 20807
4927 32073
12932 11669
21461 28427
2675 15118
379 7107
13397 9945
9017 14476
9873 2690
6547 26294
24715 14913
22189 18223
7429 31582
10834 2535
9947 653
264 259
15301 4006
6917 16214
11461 3142
499 137
957 52
31784 19167
1514 8011
3743 18952
10223 26054
19915 30859
14737 13730
15156 22433
27547 25045
12144 4867
15729 31112
4534 3547
24491 8511
14427 4852
6234 3071
28333 17041
6074 8111
5777 9337
4772 20679
517 1580
24391 16680
360 11893
16279 24130
31547 11218
27703 14974
6781 6021
24299 32220
1577 9811
4264 9453
16359 6700
29643 5273
479 995
24767 16187
10859 6673
4099 27535
12069 30244
28307 21744
19215 25724
32389 12394
5625 8387
25407 22559
1340 449
32232 17897
8958 6739
11804 8513
2644 27397
697 6424
28631 31777
10213 23715
22647 4157
15063 2612
8141 16481
2725 1787
3554 5461
9795 15458
1798 1103
31005 24961
1359 26726
25422 5881
7173 17710
6007 4923
3721 497
4161 11675
29231 7424
1940 18609
31999 19091
28170 15359
10530 10681
30371 213
3873 1283
1373 4921
25573 29737
14903 20844
9694 6085
31751 19026
13170 27773
21193 24463
24171 1468
10698 7825
20627 12281
32308 10283
137 37
85 76
31922 11487
23095 6274
9582 13769
1528 1659
27006 4259
5879 30376
3516 15227
22777 19772
1898 23659
7357 3331
11623 16297
2138 7779
8548 6279
28205 29658
29348 18497
3369 31271
6463 32305
27487 26549
8002 19039
1146 851
6347 1494
6385 7423
29839 19600
12046 8449
13333 24706
1145 5428
18913 9047
1989 410
18977 12891
7655 30854
13073 32169
25317 2324
26129 11503
653 1644
14075 16753
639 4096
1459 6481
22789 16433
5632 14349
5579 5818
6554 30793
8414 6527
8324 2767
831 11606
25499 26324
4761 7421
7536 3965
2640 6179
25939 21153
14343 18385
5520 8603
30179 3391
24223 32405
4900 9743
12726 24313
20029 9272
23585 22344
4854 1027
8693 17432
7652 9393
10977 3011
19007 1012
29544 22723
4203 8450
23851 15568
32344 30793
28425 15493
12357 5375
11813 9708
2372 8751
1453 2862
6804 7453
6389 6466
11797 22751
17119 4410
24261 29500
831 3497
18348 18503
31393 10373
6892 2599
22465 27907
2012 8039
30893 17559
29528 8837
18911 16289
15257 3558
27283 10047
20693 28214
23769 15632
11101 12126
15860 5151
27999 32386
11445 13243
553 5522
15970 8421
6869 7248
4511 3169
21499 24309
2071 9306
32311 10011
13956 19577
22207 18799
6922 20137
2604 9587
1771 1501
30509 11628
18872 13099
2429 9595
12241 1100
8329 12037
6099 7817
14744 28009
20938 10645
17949 11449
456 949
14983 15877
30049 6375
2097 2272
13875 7889
28181 22843
10106 15897
3144 3133
11512 20489
30983 13936
9245 3484
1865 8622
11367 8447
8779 8123
116 123
3214 7039
6127 9037
7153 7782
96 413
15477 10961
1288 645
970 487
4787 4373
11409 15410
677 270
9700 5033
28439 11527
463 7072
311 12542
13004 9335
29869 9369
7690 28167
337 21796
10819 3086
2662 3749
1215 22493
1752 3133
7485 32647
27973 18083
29042 12349
19047 31673
3839 6583
24977 8767
1507 1258
101 98
7333 5609
12458 13037
5346 9653
329 1903
569 6618
3877 385
3145 12089
32365 28217
3475 4647
32575 19213
863 732
442 181
4924 8199
1400 999
5241 1358
25883 28910
2936 8885
4309 7463
260 71
7289 9835
569 1233
29229 25885
19441 18046
16368 30143
1839 5065
8059 751
14281 3982
1516 1593
7810 10217
29179 23823
15748 16055
13184 8943
865 27321
7127 3967
10797 6430
14279 4341
9664 5079
665 431
8543 7889
27808 1533
31721 13580
22050 30161
5279 27287
1757 8270
1031 995
24123 30647
9071 3139
28774 9131
13537 11549
31234 1781
2026 17811
25391 32262
11311 22676
22007 8334
22838 993
13843 1021
10019 4987
28507 24379
13084 4331
12208 4069
14447 8908
12983 8169
5973 7676
1397 22059
879 1840
5418 15131
13185 26807
20995 19144
5167 26569
648 1205
5029 9104
10793 22719
2759 2865
31567 11958
25768 11857
15117 4897
7613 23632
152 16941
18133 7831
12331 2235
13141 1316
6077 6579
6190 3113
6835 3127
5990 14741
3969 668
24529 30280
2857 9385
32423 7320
20006 1993
24235 17042
16745 22698
23879 8003
7429 32523
2531 16271
9787 2780
16579 22430
3594 5695
26081 15916
8166 14939
28093 17986
13285 22487
28193 2769
9289 7869
23163 26336
7 16893
14989 8566
5917 8812
14693 4283
8487 11020
4168 15405
1835 2434
5003 10025
29120 30229
1343 1026
6167 5567
29468 6679
7588 1495
21247 17394
19381 4616
3832 6977
9310 8947
30134 29381
25809 5743
4096 3029
27173 20151
9865 1969
6259 10859
26088 1075
527 2806
3214 14267
32375 228
10092 21851
1396 1401
1746 22645
2110 20537
25072 24773
13705 15333
29070 12871
5579 5039
8958 27733
920 1411
30543 15376
9003 32563
12642 1793
5030 4367
8258 385
12581 19800
11923 11351
17888 6969
26113 21280
22925 31322
25442 20211
15737 11945
14783 6114
7895 22874
30793 16136
1238 2251
31253 7195
4300 4707
430 579
6695 13123
12998 13223
21239 28322
20603 26451
7381 16545
6267 2398
8613 4793
813 32338
5770 13399
9452 3843
28794 14417
31175 4447
68 3841
11859 16378
1243 2039
7627 1161
26087 21499
5353 7462
2108 763
15493 12619
13874 5391
129 790
19741 23178
17979 43
28802 17787
1643 6127
202 4167
12977 9425
20957 20651
5433 571
2839 3984
1708 1479
1293 26815
9163 20525
17061 5077
7189 1845
24864 19211
32719 32742
684 5801
21875 31173
14315 21656
6131 4853
2071 5412
928 3139
6721 13137
26843 6743
6040 31781
17727 8858
18881 6935
687 10703
2513 27599
16834 28437
12487 18718
30851 3844
29602 19159
32189 9322
5097 3821
20545 18722
27582 12191
9867 26890
7924 27507
18421 1637
16735 5886
789 3775
18989 18572
27356 27535
12993 16574
14045 3696
4546 1529
18076 9779
1469 2620
12289 19808
26443 19428
11708 9533
17359 1100
5621 96
9517 10707
2599 8552
10948 1657
1465 524
24694 677
2717 5025
17437 7850
14330 17427
24286 15271
710 1681
23133 9089
59 4400
915 22306
13023 257
26911 890
31493 24450
13277 18371
21979 6183
14045 6277
235 1599
10951 3819
21306 9227
4643 359
16489 9462
2034 43
3151 9714
884 28173
5388 6577
3190 23249
15575 15773
10327 26417
41 566
7333 9299
13688 27499
10142 19021
1846 667
2886 26341
22761 31784
10075 13517
6395 1691
10679 12521
6315 11771
20111 31945
989 14207
1563 27256
20214 173
21022 23929
25103 12105
2521 31198
2995 14334
9436 5059
279 3389
10267 14363
26659 22499
26948 12975
16249 30955
7248 13667
18707 30520
3487 173
3451 4870
14507 19871
12029 22051
15133 2139
18894 28895
8785 1653
666 671
2843 15476
20431 19579
27503 25621
475 386
5999 7792
10730 20621
833 642
9278 28787
23927 12013
2229 2515
12365 32718
18219 4964
7678 16111
6889 6816
7693 7339
4052 1061
1027 26473
26597 11099
19 2
29913 9559
14891 22583
14890 11007
5921 5463
27453 28271
29844 6247
6621 24476
7829 6215
10472 9271
12642 18443
22344 18133
7057 426
30501 24908
15677 11177
9561 18016
25139 22135
5413 28319
10708 18619
17442 11401
302 287
5437 13818
21590 21039
15191 175
29545 17254
9422 9267
31735 25832
9428 9157
7687 28782
205 928
26737 5180
1812 16595
15859 25582
1179 27301
2080 4509
16314 3443
18139 1372
21083 14282
12389 24911
2689 1927
1580 2921
687 5047
25 4512
19827 29626
15026 14035
5123 31146
562 305
1365 2332
615 3302
20133 5939
17624 32107
6217 2220
2472 1475
2359 4980
16490 16079
5859 28115
176 8575
4490 28147
915 1928
8071 1661
3769 7523
29279 31343
28517 17021
26363 17698
2130 2651
25258 17935
16772 3495
2681 4311
12186 5327
2263 3268
16397 22453
24259 20595
21511 14289
6035 4834
23909 25594
1479 11495
10519 2786
86 55
8507 12573
2940 15559
22665 19406
2569 3713
17707 2864
10067 19262
14041 6934
32239 28928
28405 3339
21142 11133
3757 3602
6707 4683
4937 18413
26841 22654
9598 28963
4477 1161
15120 11573
20187 25225
5555 11782
1681 1397
629 32271
26748 27767
17903 15289
31861 6633
4299 13273
4931 15417
18661 13476
722 20471
15781 16569
12505 6994
30347 29538
15109 10815
20491 31254
16780 1881
7732 6081
4266 32333
12300 25163
3789 12920
6539 15462
29095 1802
27958 5413
26034 21487
16222 3867
7897 943
21792 1127
1782 1327
7061 16363
6010 11527
3312 547
8953 419
30059 19724
30379 30773
2197 10220
27181 19848
17485 24558
9711 32557
20447 28153
13003 22503
23309 21144
8110 14649
22114 15613
236 219
1475 9031
3364 177
8519 12288
7421 478
30793 10474
4069 10353
19131 13051
4042 71
3274 1009
4461 1862
2157 28508
955 8372
4609 21843
6843 20573
8458 1091
2568 6109
3022 853
2447 3656
1301 938
4994 20891
2937 6164
399 9656
14627 23423
13247 10233
8495 10452
24927 20372
27273 15959
5275 7612
3552 12023
2407 31973
7390 30983
28160 31143
5647 8583
402 487
13161 3127
15996 16019
2120 333
7265 3156
847 3504
10048 3747
25573 5880
27990 22889
19931 29680
12066 3625
13425 22513
18713 18071
28519 5258
15886 12211
19129 24471
6439 19948
2335 2363
3215 2856
8905 27724
2782 11719
544 389
5233 3593
27887 12195
16898 20831
1198 2491
20467 18424
23613 25316
6971 2365
9004 10891
1116 6905
215 1858
32405 5053
17329 22267
8024 15491
19313 20427
16894 30097
25731 16922
2525 12624
6260 3777
7115 8766
917 5046
5110 5233
7449 7024
9524 29853
3222 2605
23720 19111
13895 6396
27859 30555
3044 8179
3851 24587
13039 9478
2147 10707
28299 24772
7043 20984
27059 25508
6938 2765
10145 17098
15380 20699
11716 11709
1439 160
