4 2
1 3
4 3

3 3
1 2
1 3
2 3

5 2
1 2
3 5

999 0

793 400
596 700
269 714
740 474
693 2
192 174
653 384
509 677
722 650
155 527
762 61
723 358
771 383
782 133
652 84
522 68
513 724
189 729
35 434
631 336
727 287
707 102
593 216
302 467
352 206
515 470
467 525
271 741
284 391
409 549
124 33
163 7
415 382
351 436
178 611
244 722
530 332
680 487
598 613
483 581
488 250
321 535
96 267
296 507
202 570
530 624
353 191
357 506
196 470
26 492
631 127
539 310
765 599
384 287
789 293
11 748
330 184
355 25
720 694
702 111
516 320
243 79
171 669
247 646
118 467
453 418
140 245
267 540
160 522
211 182
493 762
592 583
119 654
730 356
44 456
579 290
771 689
442 153
587 2
136 579
295 405
322 757
120 557
334 261
660 83
81 389
318 659
336 183
38 486
198 506
619 384
565 579
261 501
368 439
128 304
401 440
590 772
719 6
4 71
722 88
392 716
626 468
377 120
596 219
23 46
694 176
341 135
486 299
109 228
566 561
490 526
2 254
19 729
773 757
703 475
400 127
404 443
325 10
85 576
516 460
155 160
716 97
370 659
628 41
392 102
313 574
689 124
547 420
519 682
28 289
753 202
88 367
601 418
251 424
42 301
304 458
361 323
166 531
179 45
264 86
248 412
4 270
238 642
643 339
505 8
427 371
170 66
578 90
438 464
212 181
648 646
335 148
617 287
653 790
31 749
121 697
244 220
149 762
720 664
60 578
226 620
572 626
355 4
358 248
11 69
136 266
616 99
762 42
252 460
537 219
86 484
705 739
204 727
94 130
56 566
420 10
664 228
269 119
227 752
459 288
752 561
767 703
537 429
617 638
521 314
777 770
601 632
14 444
393 222
493 741
717 236
148 658
477 761
735 225
290 87
602 139
374 556
192 363
604 338
788 733
648 769
671 666
343 706
673 227
330 615
139 148
119 762
316 572
49 52
634 769
449 47
379 209
4 510
389 726
15 523
651 202
1 625
129 444
256 627
330 689
175 116
127 590
630 369
283 653
306 740
333 623
407 410
342 297
419 343
380 337
540 104
342 779
373 226
472 79
389 121
465 133
729 60
187 84
355 655
771 703
242 672
226 370
756 463
523 483
266 431
302 644
779 490
468 328
35 172
468 372
589 414
253 712
463 158
165 542
69 757
290 10
480 234
623 730
305 789
529 41
17 118
115 358
18 719
22 554
675 727
589 178
504 361
328 602
169 84
134 739
148 412
97 125
501 657
573 281
429 302
434 304
192 197
194 104
219 337
644 81
758 36
42 170
767 314
304 538
591 557
678 379
569 554
136 305
32 165
332 204
128 297
780 418
272 226
148 346
662 182
182 188
675 161
628 460
425 632
462 544
42 377
525 288
19 249
319 686
329 702
180 134
674 198
200 599
472 423
2 291
33 712
715 60
275 551
116 399
6 301
162 237
641 480
699 135
746 448
533 195
25 708
20 629
268 725
69 255
560 762
690 667
678 110
37 352
732 223
743 268
134 392
123 601
5 674
663 619
639 134
43 520
270 759
78 697
573 334
253 561
649 685
4 59
485 631
170 417
304 128
520 674
738 105
643 131
149 727
298 90
553 181
66 758
187 503
200 75
574 553
686 5
106 286
610 451
404 85
139 382
558 89
46 482
457 728
304 276
65 663
100 700
648 284
504 685
621 436
555 315
542 54
681 28
323 15
338 98
101 447
128 760
735 684
144 763
500 590
635 787
577 466
389 770
684 147
733 356
94 718
639 624
645 189
614 670
165 479
710 361
423 437
97 63
514 368
767 646
290 601
460 409
78 577
517 540
518 570
307 108
141 677

999 999
131 532
582 725
549 723
98 306
279 39
118 36
429 278
427 132
522 122
690 360
146 436
765 251
775 612
3 540
146 326
152 614
404 103
403 648
94 121
669 38
734 524
614 512
34 325
770 194
106 443
348 252
649 503
674 618
324 516
737 662
143 32
410 108
212 33
5 759
109 267
637 322
636 649
509 610
513 27
369 410
220 543
720 143
291 402
40 101
150 488
266 169
321 219
199 545
650 73
100 472
435 329
298 47
618 575
586 416
784 230
223 428
215 365
363 273
704 61
743 268
75 434
637 21
351 168
472 635
213 655
359 653
736 298
637 91
96 245
197 772
776 526
636 401
700 630
159 642
375 231
599 319
692 535
282 146
323 478
588 387
238 613
302 44
4 103
757 255
638 84
318 596
737 148
425 191
675 657
147 618
89 312
689 159
384 666
153 336
347 101
699 610
157 640
89 23
423 104
547 51
612 204
789 650
738 143
85 464
196 47
608 617
358 138
108 194
777 385
755 735
752 399
558 143
162 731
520 636
433 195
93 288
737 404
107 661
181 504
208 211
583 168
188 23
326 362
624 49
493 28
263 63
306 786
308 305
516 260
364 509
281 707
269 692
22 469
480 220
664 663
395 511
451 587
153 756
745 787
238 53
13 116
758 169
769 614
389 650
469 475
613 401
728 118
659 112
515 166
2 265
740 779
437 78
569 465
431 241
607 650
613 540
481 457
606 779
356 652
346 241
227 129
225 736
678 309
349 373
80 536
83 403
73 749
422 407
489 33
597 612
111 218
237 472
241 450
201 294
773 715
314 526
71 438
682 610
739 423
205 738
709 723
298 402
31 404
238 426
427 596
571 6
74 281
471 399
381 272
775 443
378 357
525 192
352 25
47 663
54 229
395 574
706 350
664 582
222 601
758 559
175 177
617 776
48 183
690 787
476 378
38 632
324 743
315 609
504 370
289 703
265 126
589 747
422 409
748 135
173 348
773 646
93 545
352 776
497 685
462 227
767 617
704 431
2 507
109 680
30 563
454 2
658 251
61 248
778 493
462 389
429 172
260 39
412 684
726 104
421 11
644 487
478 324
677 454
414 785
426 109
185 369
33 664
442 475
354 653
390 82
62 752
662 337
578 82
149 449
462 791
523 176
698 375
89 308
283 783
398 177
99 97
618 431
735 593
433 111
141 82
418 615
245 296
368 252
607 47
272 672
301 772
740 165
683 491
352 665
492 73
403 682
631 66
649 483
66 726
574 783
269 623
509 253
370 230
450 53
611 702
733 291
149 417
632 281
452 355
10 786
735 700
702 172
750 345
461 245
721 269
539 682
490 316
681 507
37 432
350 203
655 152
363 599
645 253
375 765
55 287
353 439
389 544
396 24
368 774
608 214
692 79
710 512
260 81
724 594
679 152
618 511
698 763
644 207
102 568
761 305
35 519
563 74
365 517
496 358
782 610
128 574
788 77
504 315
20 54
599 114
703 476
639 25
4 560
550 376
143 522
621 396
137 499
785 616
527 595
48 437
215 403
14 700
480 541
449 761
505 283
634 330
741 78
413 103
214 744
514 677
64 27
101 686
599 675
738 108
691 26
502 54
451 123
338 449
768 521
401 674
764 32
436 515
682 556
756 756
583 49
448 460
97 43
55 264
767 416
416 236
26 786
552 720
403 536
156 156
29 512
335 199
435 654
479 516
61 504
323 342
71 189
431 54
523 203
668 34
577 88
569 792
219 555
7 612
262 740
275 142
742 769
349 703
544 243
313 365
542 353
667 422
703 115
121 266
477 297
268 539
651 364
342 465
135 141
178 417
420 630
785 710
483 718
265 715
723 73
651 80
766 790
388 411
638 74
36 600
136 670
566 276
327 445
135 599
764 313
523 64
470 310
260 269
44 38
124 187
106 38
693 451
12 289
190 654
212 28
769 746
410 42
131 549
421 425
620 641
173 509
416 409
2 683
21 83
66 649
782 486
303 44
303 78
280 49
105 238
450 240
704 669
677 262
324 21
163 218
757 224
631 131
346 555
587 191
172 607
44 367
342 445
146 201
704 218
746 46
581 564
590 790
377 524
161 464
647 756
363 135
465 347
596 617
129 534
422 745
192 698
515 536
398 311
145 535
121 727
435 16
9 591
763 574
195 445
308 338
620 499
445 8
433 611
746 297
397 116
277 409
627 187
78 676
580 469
614 85
18 452
98 247
566 104
398 680
144 56
240 323
189 490
23 68
725 7
228 529
710 90
423 519
11 475
53 563
545 742
176 675
51 209
240 100
92 111
313 420
774 158
13 522
104 24
395 165
189 480
207 59
59 395
141 148
713 73
520 429
365 491
128 473
340 104
220 573
707 67
227 602
134 543
25 505
551 710
280 354
417 494
317 262
229 205
485 550
221 550
120 763
727 4
573 431
781 623
534 747
395 357
356 459
104 194
30 95
48 523
375 203
696 280
534 2
252 712
137 518
751 89
412 427
65 592
423 221
53 454
638 158
723 108
517 717
259 656
323 364
604 248
382 776
388 350
480 374
176 173
345 340
526 723
228 30
1 432
766 515
373 350
229 775
412 465
421 529
745 784
57 760
386 109
696 473
307 113
325 164
561 44
571 113
419 12
329 37
792 507
411 609
365 454
338 468
678 427
77 344
288 507
15 491
60 65
418 575
646 745
84 387
406 628
577 139
678 747
530 478
46 746
141 599
605 695
757 335
681 115
675 24
657 529
333 509
312 508
630 784
484 334
214 44
416 382
315 340
535 161
695 59
539 516
45 790
157 393
631 638
789 777
337 435
428 353
403 238
167 279
427 421
455 519
625 69
31 73
327 738
382 717
41 707
614 210
505 108
36 635
239 715
401 620
743 367
224 355
58 254
257 530
785 399
173 348
383 471
691 206
167 679
483 608
503 253
417 652
515 658
635 214
501 549
30 564
403 606
447 600
665 197
342 564
497 52
415 46
680 522
196 428
667 306
381 385
697 451
18 121
451 297
242 385
305 484
109 570
695 655
79 544
464 364
205 118
434 510
741 213
475 446
225 124
185 267
285 585
672 236
498 401
783 455
681 701
764 128
300 534
122 722
257 418
224 513
544 247
668 139
583 744
656 228
604 198
539 425
179 640
523 488
385 238
697 294
776 506
461 40
387 784
453 231
109 143
456 661
93 160
680 581
141 327
671 10
779 1
80 262
711 461
490 559
110 589
161 669
215 511
701 46
276 94
679 101
715 215
633 489
485 289
733 714
670 116
217 490
23 309
225 57
521 441
365 257
523 369
133 67
45 124
755 130
685 347
384 270
650 721
73 724
104 305
299 716
531 549
21 738
600 644
605 594
696 755
581 438
118 207
479 650
195 226
39 530
471 285
336 786
643 741
26 469
621 313
531 770
36 370
563 84
437 259
748 785
613 676
329 534
480 474
270 329
73 593
393 655
2 76
608 415
503 36
3 374
766 448
99 476
361 484
587 95
160 133
478 246
216 547
530 33
49 280
355 392
543 288
138 369
654 514
575 510
404 30
453 54
73 487
350 138
474 99
270 315
711 184
12 482
409 601
270 464
352 361
789 255
460 344
513 680
163 148
502 255
594 450
783 572
679 733
145 164
206 782
428 447
83 564
453 35
288 358
663 145
271 295
732 630
634 488
231 581
344 733
451 722
403 417
545 674
680 139
30 778
255 421
43 453
748 666
129 530
700 513
789 325
188 583
528 557
359 633
26 702
662 290
680 224
517 218
228 55
76 264
548 132
395 753
717 548
545 514
41 728
391 258
70 237
312 83
26 468
388 771
388 253
301 150
653 247
705 526
566 547
274 525
651 50
475 130
41 316
108 755
292 91
647 754
156 55
675 59
257 411
753 189
69 576
749 679
520 409
607 412
162 774
427 274
284 485
414 552
600 685
91 590
290 469
749 569
663 21
541 423
470 147
269 335
43 601
542 5
235 36
135 517
733 112
104 182
174 211
598 738
176 663
279 538
532 252
544 38
557 430
477 430
103 234
498 763
640 6
415 249
638 450
457 81
281 474
183 362
754 189
97 280
459 603
480 560
617 618
50 274
440 745
781 256
478 649
198 510
355 513
338 3
87 698
140 7
517 458
672 69
270 204
728 739
313 519
622 351
537 470
641 293
264 392
779 414
635 785
282 587
205 137
693 266
408 235
202 296
329 313
21 176
436 638
515 291
233 388
752 336
581 407
102 286
27 42
16 160
204 40
542 496
757 118
697 95
648 607
537 339
334 144
556 602
188 701
130 759
363 443
743 83
340 247
49 229
667 127
635 269
99 696
50 125
347 176
85 161
448 397
226 105
203 413
174 108
140 103
117 783
103 82
292 479
94 605
90 579
295 247
446 662
144 688
525 531
32 383
99 777
431 77
396 537
744 57
59 366
14 150
99 181
782 747
4 269
716 129
697 688
40 458
47 2
57 135
192 186
122 771
417 406
429 31
369 780
438 53
627 303
521 473
565 727
703 764
314 12
4 147
37 187
580 280
360 258
448 655
19 609
779 444
640 417

777 123
356 684
698 222
71 19
33 772
619 222
505 699
587 638
598 676
116 638
689 210
592 245
92 658
788 499
485 778
740 248
17 329
286 202
771 144
276 189
29 312
334 615
174 251
167 108
756 231
191 752
236 385
449 716
416 62
237 243
312 680
265 676
372 662
660 442
529 85
723 619
242 742
455 550
225 448
758 497
566 248
450 274
583 389
759 12
457 465
696 380
478 749
381 300
47 652
294 79
467 716
363 470
1 200
310 635
691 473
225 661
660 677
13 139
387 768
354 420
448 547
654 662
414 691
368 62
337 156
588 727
371 477
484 510
50 781
324 558
203 350
54 71
221 585
384 365
759 234
403 294
260 669
293 419
425 57
457 635
787 213
182 212
702 232
549 635
772 317
39 574
346 743
111 105
546 17
403 542
524 18
448 184
494 198
598 337
406 624
738 730
285 671
692 188
622 198
184 69
111 105
792 21
216 781
18 177
586 207
702 335
170 312
787 763
197 279
186 185
534 551
570 669
622 386
774 208
563 142
356 635
500 448
264 385
772 527
353 320
718 602
537 568
368 756
90 743

123 777
506 423
81 150
445 673
750 358
152 443
37 350
791 681
85 708
439 190
358 209
625 184
270 402
237 755
14 244
81 657
653 668
9 464
323 5
497 596
592 659
497 215
605 408
488 558
483 125
148 694
523 12
481 463
47 779
609 655
359 691
346 546
710 338
166 649
54 526
439 424
408 395
401 485
465 439
493 117
202 435
603 161
591 125
543 674
42 740
632 768
784 411
685 121
12 626
352 248
251 449
480 4
528 534
105 411
233 345
183 519
490 646
307 584
600 307
220 593
712 371
610 55
33 82
512 23
776 2
376 215
115 261
315 25
647 284
673 140
637 695
597 99
275 774
468 89
103 687
784 237
298 177
193 243
322 361
315 243
128 427
77 406
540 523
121 230
221 556
136 109
630 545
584 505
725 362
56 366
445 673
522 165
462 686
146 284
212 288
175 325
702 117
520 84
351 283
553 211
250 207
318 64
362 407
759 561
96 67
148 527
504 41
83 585
454 170
288 514
749 262
252 254
632 383
721 288
757 341
668 696
606 390
212 636
786 272
235 228
364 169
771 570
554 519
98 370
273 188
265 278
118 757
593 261
392 675
623 77
701 185
2 678
130 398
522 273
191 598
291 601
497 772
3 97
482 243
592 711
470 541
653 399
376 531
239 722
117 463
203 584
518 558
450 580
196 242
503 792
239 327
8 545
511 516
708 91
479 92
581 472
175 558
477 213
713 297
197 574
494 428
364 563
754 597
429 83
357 249
140 40
227 356
138 354
183 737
143 145
59 523
56 245
355 277
777 145
731 47
268 384
589 186
754 350
280 198
714 97
126 74
40 321
652 268
328 670
735 218
747 50
421 480
481 79
354 554
248 514
332 437
43 272
713 657
463 175
352 321
186 792
261 782
156 468
529 705
603 301
777 40
338 678
5 67
33 557
68 783
691 152
422 314
283 6
146 112
297 272
354 214
84 304
787 93
376 400
273 401
282 669
459 219
729 430
427 548
640 336
545 770
177 68
32 280
348 195
408 113
104 272
174 285
249 79
505 103
123 629
110 142
550 576
487 691
698 72
343 682
349 687
609 53
675 373
482 213
77 206
499 458
69 696
700 717
305 623
150 556
46 772
471 486
494 254
339 423
445 671
201 590
561 554
732 758
520 187
227 562
87 344
276 76
8 774
652 279
555 608
121 523
528 539
412 578
379 277
641 489
2 216
257 760
283 513
154 285
265 510
309 158
385 464
241 495
72 428
638 187
791 728
188 285
10 237
781 329
253 575
96 391
31 261
87 264
292 789
356 612
494 455
95 683
268 766
763 586
150 466
586 441
495 441
766 146
427 263
650 413
147 627
240 650
439 77
564 326
652 69
496 466
734 717
345 319
703 506
90 239
457 703
529 120
416 338
751 34
684 123
787 484
278 554
289 322
568 24
782 161
722 649
687 678
154 601
643 492
363 669
687 52
258 555
113 658
501 364
183 493
508 408
384 567
53 227
411 462
787 359
246 643
734 322
10 417
33 698
286 616
184 702
224 450
432 326
283 285
676 214
350 603
356 22
521 262
649 550
734 72
607 145
549 730
17 487
375 755
300 504
456 475
93 397
791 393
508 121
408 474
261 320
124 755
420 246
510 529
153 3
354 646
68 326
321 151
59 512
288 508
26 603
74 223
202 483
771 152
741 435
62 97
145 74
417 270
531 471
560 415
702 475
111 41
732 159
84 385
651 110
492 691
692 684
540 282
17 743
683 217
332 572
319 273
704 301
317 76
554 90
293 330
55 141
109 785
229 779
565 610
282 224
202 561
746 138
199 550
407 217
121 106
297 133
474 412
121 384
752 629
288 269
535 256
317 786
612 678
287 546
523 664
792 462
180 287
547 229
569 105
55 169
20 156
499 492
526 192
228 547
435 224
558 298
36 546
704 281
261 15
291 93
408 756
636 81
57 354
95 542
12 276
294 128
484 327
339 356
389 254
763 71
212 55
43 745
430 335
119 306
126 5
649 51
283 278
238 264
217 381
711 156
759 382
271 261
289 699
440 498
574 318
60 163
301 640
32 96
387 713
619 13
352 593
120 652
420 766
399 459
12 7
483 431
297 609
400 289
251 584
75 408
713 80
695 391
676 540
757 401
373 758
779 779
548 257
72 440
107 268
127 162
338 575
402 640
284 715
89 571
354 5
332 261
150 491
381 772
779 219
209 635
67 616
448 67
81 765
523 632
624 663
389 102
371 86
605 550
207 629
716 723
342 99
746 730
21 201
573 273
208 756
173 663
149 693
545 237
358 543
726 163
587 40
754 262
727 124
668 321
354 551
270 9
119 242
197 102
382 600
40 190
405 481
192 644
219 582
295 329
77 213
76 242
204 424
477 475
6 713
198 505
428 57
394 414
141 722
470 625
505 777
406 476
689 416
339 730
380 242
586 224
365 224
75 291
387 636
87 419
329 709
523 167
639 82
37 9
528 362
213 187
663 188
606 538
339 618
125 482
650 595
609 442
629 352
675 329
473 567
392 616
510 79
628 546
411 348
514 675
73 388
289 237
542 40
57 424
677 471
87 442
61 751
533 61
335 493
85 265
300 768
7 146
710 297
225 107
70 741
447 770
198 62
307 638
39 726
334 127
702 270
696 164
131 487
109 291
194 567
305 605
413 774
701 311
754 681
49 577
345 630
28 784
609 353
107 454
443 231
526 381
566 633
81 384
309 443
762 699
86 413
302 364
77 90
561 89
520 272
573 612
692 639
426 557
568 469
256 38
280 473
1 781
773 710
466 53
251 43
35 310
643 193
365 534
50 276
731 480
250 213
620 548
175 575
713 767
589 730
466 133
168 373
686 268
699 566
738 99
413 662
609 466
674 185
517 324
510 484
757 354
239 482
39 26
51 712
736 160
551 783
482 291
433 306
37 412
177 585
418 754
372 86
195 681
729 198
719 125
648 633
757 409
742 85
790 661
94 600
528 399
685 397
776 161
325 130
447 348
381 775
641 467
206 425
154 611
33 455
74 129
559 21
147 5
393 727
512 405
194 160
600 125
297 748
171 278
91 363
628 252
568 376
104 453
501 696
742 751
442 710
95 424
645 190
304 228
655 72
542 275
45 376
161 201
34 756
692 186
779 310
563 541
251 131
702 440
263 282
614 453
309 41
350 603
225 85
612 136
672 560
367 94
545 120
778 747
504 157
42 613
477 731
125 294
484 17
12 253
494 521
491 701
120 521
438 353
611 601
238 16
244 791
203 182
516 615
740 740
395 687
214 8
152 578
354 615
405 426
594 107
121 539
780 448
229 678
391 347
547 332
118 109
19 572
204 556
280 583
495 786
531 537
367 378
686 258
297 777
788 782
783 514
159 234
586 669
50 352
771 760
273 709
86 101
509 528
552 534
364 694
378 751
608 300
582 68
95 748
74 195
195 333
731 594
154 756
780 508
649 391
783 776
533 763
547 523
498 611
279 231
312 109
214 739
578 392
283 781
561 321
286 13
312 526
232 260
49 362
635 45
273 82
166 267

0
