1
2
3
4
5
6
7
8
9
10
2827
6107
9659
1605
1158
6095
5016
5045
1638
9932
8523
7095
5163
395
4103
1023
9787
2710
5720
6589
3883
4557
6452
2635
6793
3288
133
7859
4353
1922
6831
8268
374
395
1144
2411
6579
4953
2601
9373
5097
7043
8971
3789
8470
8198
8659
7691
9978
9493
3042
1318
409
1256
500
2586
9314
8284
794
8179
8338
5805
6034
1211
7204
8163
1150
8971
5051
2133
4984
3699
6636
546
333
8800
7382
1874
855
5923
5032
8425
665
7778
4102
5510
9649
8822
1506
5875
7067
3981
2944
1815
197
9035
4987
3924
408
1732
7875
2238
9698
2392
2536
1032
8966
5917
364
7013
1999
1144
1236
398
2877
6926
3174
2174
6044
1662
7859
6661
2526
4368
4287
966
4775
3899
7457
3387
6776
2118
1725
1918
5025
1656
9572
6317
4054
5542
5587
1301
7327
3393
8202
340
2702
3529
9926
5296
6901
1607
1864
1283
5045
5442
9816
4736
6002
6564
7314
2298
5628
5418
4552
2656
4345
2310
2284
5473
5020
9111
6959
5981
5630
2971
6098
7599
6255
568
817
9752
6168
2588
7473
8783
4058
8363
8298
9803
2412
6833
580
3607
9453
2336
9677
1132
3380
2606
1292
1956
8462
683
9325
1572
810
4782
1197
4367
6813
9238
7587
8070
8520
4375
2023
5467
7701
1296
9437
506
4847
1931
5353
7124
2302
195
6126
1666
164
3838
7761
3270
1286
3719
3240
3396
3461
1173
290
4044
9169
1801
7736
3570
3778
4172
517
1650
56
4621
5846
4745
4909
6489
7133
4267
4101
8920
8238
5002
3463
3499
9006
1339
7501
9935
7380
416
7748
3477
702
4450
1241
9897
6885
1604
1251
5376
4111
6435
9485
6973
8268
5316
3703
9792
7882
2063
3532
5114
7306
3928
1575
6508
7232
3699
2703
2082
6157
5180
162
8893
275
7453
2441
7840
1973
9556
3800
7239
4493
5816
3150
2393
8779
2990
268
2936
4130
8783
797
1978
5916
2025
713
843
3585
3535
2739
3888
9300
5108
3857
3642
5787
6526
943
927
6845
2846
1012
8020
9468
168
9665
8724
9175
6181
3146
2836
108
4329
7610
9704
2010
4903
9404
652
9723
9641
631
7338
684
9628
1195
1339
1754
6371
2041
8277
5111
4487
7566
3412
4580
8283
8007
503
5377
9737
1639
5441
7753
2612
4447
783
7628
7415
1346
3148
5054
5246
5293
1060
1066
3388
5594
3045
3175
1721
4149
87
7277
3949
6113
2134
5855
1833
9871
7610
3024
2124
7344
1326
796
4768
7658
5855
6153
6446
5293
171
5076
4787
2814
6245
969
4260
4048
4448
1214
5725
1597
4708
7983
7106
4402
6307
8291
2446
95
8204
7489
6611
4209
1280
2201
4765
5153
3842
3481
6866
5182
8152
1455
5542
6742
6386
5017
957
3041
8655
7531
5961
8646
7178
1599
1884
2509
6723
1795
7410
9373
7053
2670
134
6886
730
2336
4999
1970
7453
8044
4017
57
5384
7927
4809
613
4746
7578
8577
6995
610
4342
4047
9891
5125
2207
9785
5630
7549
2380
9649
5622
9950
589
1613
6758
9709
850
7882
7823
7647
1195
4029
4070
5966
22
8311
3834
4038
7133
4301
2668
5447
9956
5994
4250
5614
2415
1595
6909
1625
2220
4907
2618
8115
4586
6417
8743
2912
9126
8658
8025
2009
8000
2276
920
3031
930
8995
4575
2390
4697
7294
1918
5775
445
9069
9337
8321
2973
2880
6185
7960
5577
6116
5677
9387
2135
9140
1671
8016
693
1012
5359
7902
6474
3344
7817
7118
4395
8239
2518
8941
9778
4754
7351
3193
5143
4950
4345
2381
5943
55
6844
3042
8471
293
6046
7035
6030
804
699
8949
3569
2998
2563
7788
2746
3867
8711
616
299
7434
6060
9499
77
1511
2688
2335
6772
6532
7142
2311
7508
8727
1792
6350
1832
8812
6491
959
7591
1619
7702
2666
5116
3953
9855
3903
1454
4084
2663
1721
9012
3608
2345
2462
8921
1619
776
2465
4167
6751
1552
3674
9193
9390
1850
6409
2699
8734
4118
9254
3476
3867
9702
728
4430
6022
7444
5116
9769
6267
2265
7660
4285
6597
7204
5647
5062
7136
1185
1856
8249
1363
5694
3059
3841
6119
7361
9150
4269
2720
9128
1100
8827
6239
4445
6518
8309
8559
4226
8527
1828
3504
4024
302
7527
1897
3654
2329
4121
7781
1417
1820
1721
4540
6450
3686
1200
9402
2239
5146
1839
9041
3285
6630
4172
1046
9169
6485
9707
2178
2213
5075
3014
9315
7994
1702
9124
2180
4976
6766
3049
9673
8477
8284
7759
4886
9398
1386
3566
1795
1446
2377
9626
424
9832
7060
4113
8218
3472
6060
6476
7470
7749
3897
6903
8060
8129
5765
4367
1386
1620
7082
4138
8174
145
4632
4499
5041
1671
8611
4556
2230
1939
9058
5218
3587
799
1801
7392
5730
463
924
5398
7894
8729
5164
5575
499
4734
6630
7461
655
7119
2414
8184
2251
6457
6026
8974
2054
3469
6070
4701
1708
8946
2450
3869
2505
6864
6886
5296
9162
7153
1361
987
9708
8946
85
831
2216
7613
250
3172
6752
6568
4486
8532
8500
9824
5079
1587
1399
4979
5459
9874
2019
4079
9988
6989
3949
308
6602
410
7738
4136
2294
6674
4815
3732
3672
8570
2440
8910
2788
3943
2099
2189
113
2637
8749
3388
4634
410
1385
9483
9509
1669
5412
8414
993
3713
3145
2075
3434
656
9886
1478
6068
840
5111
7119
1996
7277
2417
8692
5061
8370
1905
880
5871
3284
8062
9763
3733
9668
337
1811
4805
9780
2148
5390
2144
9282
2516
1869
3694
2477
482
9988
2470
7944
3760
1899
3705
2326
9808
2160
9685
8386
8603
7918
5018
8968
6699
6746
80
8520
5005
2668
6114
2475
1689
9152
3210
9491
5730
8093
7533
2042
6387
4414
3077
222
5506
5159
6909
403
8722
4002
2339
3626
5891
491
8991
745
2573
33
4756
654
4987
9930
9253
497
8348
6196
150
3448
875
3520
7715
5245
3747
3000
9712
8782
1969
9932
749
740
8077
2486
4860
